# Temperature [K] | X lattice [A]
575.510000 0.000000
578.565000 9.415163
581.430000 20.262217
584.310000 18.640198
587.325000 9.227434
590.245000 19.898898
593.025000 10.166101
595.865000 19.082325
598.885000 17.976877
601.990000 9.017055
605.030000 18.759530
607.950000 19.545550
610.765000 10.089879
613.610000 19.142324
616.530000 19.141254
619.370000 10.125022
622.095000 10.388208
624.985000 27.128852
627.975000 9.668220
630.875000 9.601504
633.675000 20.772643
636.390000 20.392440
639.195000 9.733963
642.080000 19.265725
644.945000 19.741160
647.815000 9.598822
650.735000 19.065802
653.570000 20.386745
656.310000 10.192945
659.175000 18.680602
662.200000 18.252249
665.140000 9.902401
667.905000 20.607824
670.820000 17.898745
673.915000 9.094747
676.835000 20.158630
679.605000 20.157505
682.510000 9.183215
685.580000 18.010197
688.490000 20.525182
691.195000 10.376609
693.960000 19.656275
696.780000 9.968122
699.505000 21.063829
702.300000 18.985044
705.145000 10.147944
707.870000 20.670873
710.650000 19.513372
713.460000 10.109766
716.215000 10.146245
718.995000 19.858368
721.815000 9.858601
724.550000 21.135358
727.310000 19.372997
730.135000 10.070739
732.980000 19.106014
735.860000 19.643116
738.700000 9.821147
741.575000 19.168997
744.510000 18.844145
747.535000 9.025297
750.440000 20.505148
753.295000 18.652473
756.320000 18.224766
759.220000 10.176177
762.090000 18.587706
764.985000 9.992972
767.835000 19.160981
770.785000 18.647273
773.765000 18.771797
776.610000 10.248144
779.395000 19.560553
782.315000 18.643635
785.230000 9.813756
788.070000 19.626692
791.010000 18.334441
793.880000 10.321180
796.675000 19.284443
799.760000 16.990529
802.855000 19.149769
805.810000 18.574241
808.870000 17.858852
811.795000 10.204632
814.665000 18.509954
817.610000 29.016189
820.490000 9.671524
823.395000 19.012168
826.230000 30.493671
829.120000 9.160965
832.230000 26.271494
835.210000 20.032982
838.035000 9.701980
840.850000 30.264274
843.575000 20.699772
846.340000 9.802828
849.200000 28.998418
852.100000 28.598791
855.135000 17.672520
858.205000 18.617171
861.120000 19.599381
863.980000 19.326091
866.890000 18.930628
869.795000 19.391271
872.795000 26.668887
875.805000 19.254397
878.690000 19.320177
881.620000 18.670810
884.615000 18.483694
887.500000 20.156820
890.185000 21.314072
893.155000 25.056694
896.410000 8.745718
899.445000 19.245829
902.235000 31.012962
905.090000 9.207531
908.175000 17.654339
911.200000 28.762397
914.265000 8.607463
917.115000 33.765861
920.035000 16.497701
923.145000 19.506724
926.075000 18.468795
928.765000 23.454845
931.280000 10.448433
934.210000 26.054332
937.375000 17.756777
940.335000 19.919579
943.175000 19.229251
945.990000 20.280820
949.070000 16.247474
951.950000 23.744988
954.795000 16.585130
957.750000 21.701992
960.510000 28.151980
963.410000 9.779957
965.940000 25.021550
968.825000 23.469289
971.830000 33.865461
974.730000 16.627396
977.865000 18.953043
980.985000 25.164001
983.620000 28.328933
986.410000 23.005879
989.830000 25.861599
992.860000 19.546612
995.505000 22.656856
998.265000 27.119925
1001.020000 22.746556
1003.845000 25.933526
1006.955000 18.436510
1009.390000 29.833772
1012.045000 24.124768
1015.365000 17.392827
1018.575000 25.764368
1021.750000 26.670507
1025.155000 22.548796
1028.155000 24.011339
1030.725000 19.598275
1033.560000 19.528183
1036.530000 26.833643
1039.395000 21.084545
1042.310000 17.327899
1045.275000 30.464525
1048.155000 18.297555
1051.180000 27.535306
1054.170000 28.091119
1057.075000 19.448877
1059.915000 19.585239
1062.765000 19.311204
1065.705000 27.617600
1068.750000 17.992038
1071.675000 20.004479
1073.165000 395.775492
