# Temperature [K] | X lattice [A]
576.565000 9.801450
579.370000 10.120779
582.270000 18.376435
585.395000 17.402256
588.505000 9.278887
591.310000 21.483292
594.115000 9.278110
597.025000 19.876114
599.895000 19.061011
602.905000 18.073024
605.990000 9.065471
608.995000 19.058350
611.905000 19.321054
614.895000 18.069492
617.855000 9.864380
620.680000 19.797891
623.560000 18.988754
626.590000 8.946250
629.520000 20.373088
632.270000 20.224328
635.165000 9.210695
638.205000 18.299827
641.275000 18.061928
644.160000 10.412131
647.000000 18.602229
649.980000 18.852558
653.030000 8.885547
655.905000 21.378889
658.595000 20.142884
661.460000 18.848876
664.540000 17.434238
667.655000 9.205813
670.665000 18.657155
673.580000 19.641472
676.485000 18.780697
679.510000 18.108948
682.485000 9.716590
685.460000 18.107433
688.430000 19.499225
691.405000 9.023536
694.435000 18.775461
697.380000 19.095893
700.255000 9.851180
703.130000 19.094296
706.055000 19.028067
708.870000 10.324057
711.715000 18.644674
714.760000 17.982086
717.715000 19.836783
720.635000 18.395463
723.745000 8.736038
726.675000 20.874005
729.445000 19.418288
732.365000 18.763428
735.220000 10.168805
738.165000 17.689754
741.215000 18.888006
744.155000 19.015875
747.170000 17.972068
750.110000 10.019979
752.970000 18.948556
755.975000 18.145163
758.900000 20.036888
761.755000 19.010050
764.660000 9.669639
767.565000 19.008462
770.555000 18.259571
773.635000 8.953274
776.550000 20.473176
779.505000 17.455780
782.535000 19.400989
785.455000 18.746713
788.325000 10.049713
791.230000 18.313516
794.315000 17.785939
797.215000 20.849022
800.130000 17.615124
803.260000 8.977656
806.315000 18.491410
809.400000 26.418641
812.500000 9.153318
815.500000 18.800625
818.480000 18.548918
821.500000 9.152045
824.455000 19.387495
827.200000 21.236265
829.940000 9.726694
832.845000 18.859109
835.845000 18.239763
838.750000 10.077709
841.660000 18.178639
844.755000 17.771099
847.810000 9.332419
850.715000 19.653321
853.550000 19.583030
856.500000 18.174089
859.535000 9.237607
862.345000 21.305776
865.270000 17.162032
868.255000 10.183638
871.425000 15.401758
874.470000 22.418247
877.395000 8.248507
880.380000 21.381776
882.865000 23.455497
885.525000 18.842860
887.730000 38.070786
890.950000 5.580425
894.890000 19.165074
897.640000 32.062415
900.220000 10.853860
903.210000 16.248377
906.145000 22.680147
908.955000 17.527846
912.155000 17.201296
915.140000 20.276313
918.030000 18.274346
920.585000 40.253735
923.200000 8.789093
926.410000 17.038268
929.400000 30.629172
931.915000 24.042010
934.690000 8.570174
938.205000 21.978224
941.380000 21.690544
944.045000 20.045021
946.975000 17.968164
950.275000 15.817249
953.475000 28.813853
956.220000 21.350322
958.970000 19.140606
961.565000 24.237850
964.750000 13.603332
967.765000 28.460777
970.615000 14.798783
973.885000 19.889733
976.845000 17.728203
979.580000 23.712050
982.310000 17.783051
985.690000 15.241770
988.735000 22.643658
991.370000 19.671591
994.185000 19.740501
997.045000 19.061076
1000.110000 17.225048
1003.020000 21.331377
1005.700000 20.093661
1008.510000 19.390010
1011.395000 19.055791
1014.305000 19.054735
1017.270000 18.359670
1020.300000 18.237871
1023.190000 20.233597
1025.935000 20.158903
1028.710000 19.797825
1031.535000 19.449416
1034.470000 18.353564
1037.400000 19.515737
1040.325000 27.618365
1043.225000 19.862729
1046.055000 19.307994
1049.000000 27.521575
1052.015000 9.203826
1054.910000 29.894225
1057.705000 19.715348
1060.490000 20.071398
1063.380000 18.342381
1066.415000 18.160958
1069.340000 19.781376
